0.00000
0.00000
0.00000
0.00001
0.00001
0.00002
0.00003
0.00003
0.00003
0.00003
0.00002
0.00001
0.00000
-0.00000
-0.00001
-0.00001
-0.00002
-0.00002
-0.00002
-0.00002
-0.00002
-0.00001
0.00000
0.00001
0.00001
-0.00000
-0.00001
-0.00003
-0.00004
-0.00004
-0.00004
-0.00003
-0.00002
-0.00001
-0.00001
-0.00001
-0.00001
0.00000
0.00002
0.00005
0.00007
0.00006
0.00003
-0.00001
-0.00005
-0.00007
-0.00007
-0.00004
0.00000
0.00004
0.00007
0.00009
0.00009
0.00008
0.00007
0.00005
0.00002
-0.00000
-0.00003
-0.00005
-0.00006
-0.00004
-0.00002
0.00001
0.00003
0.00004
0.00001
-0.00002
-0.00006
-0.00008
-0.00008
-0.00007
-0.00004
-0.00001
-0.00000
-0.00001
-0.00002
-0.00002
-0.00002
-0.00001
0.00000
0.00000
-0.00001
-0.00003
-0.00005
-0.00005
-0.00003
0.00002
0.00007
0.00011
0.00013
0.00013
0.00012
0.00011
0.00010
0.00009
0.00007
0.00004
0.00001
-0.00002
-0.00005
-0.00006
-0.00007
-0.00009
-0.00011
-0.00013
-0.00014
-0.00013
-0.00008
-0.00002
0.00003
0.00005
0.00004
0.00001
-0.00003
-0.00005
-0.00007
-0.00006
-0.00004
-0.00002
0.00001
0.00005
0.00009
0.00012
0.00014
0.00013
0.00009
0.00004
-0.00002
-0.00006
-0.00007
-0.00006
-0.00003
0.00000
0.00002
0.00001
-0.00001
-0.00004
-0.00006
-0.00005
-0.00001
0.00004
0.00010
0.00014
0.00016
0.00016
0.00015
0.00012
0.00007
0.00001
-0.00007
-0.00017
-0.00025
-0.00030
-0.00029
-0.00021
-0.00010
0.00001
0.00007
0.00005
-0.00003
-0.00014
-0.00022
-0.00023
-0.00017
-0.00004
0.00009
0.00020
0.00024
0.00023
0.00019
0.00014
0.00014
0.00018
0.00027
0.00037
0.00044
0.00044
0.00036
0.00019
-0.00004
-0.00027
-0.00045
-0.00054
-0.00054
-0.00045
-0.00034
-0.00024
-0.00018
-0.00016
-0.00017
-0.00017
-0.00013
-0.00005
0.00007
0.00018
0.00025
0.00027
0.00022
0.00014
0.00006
0.00002
0.00004
0.00011
0.00021
0.00030
0.00033
0.00031
0.00023
0.00012
0.00001
-0.00008
-0.00013
-0.00015
-0.00016
-0.00018
-0.00022
-0.00029
-0.00036
-0.00039
-0.00036
-0.00027
-0.00013
0.00002
0.00014
0.00020
0.00020
0.00017
0.00014
0.00012
0.00014
0.00017
0.00021
0.00024
0.00025
0.00024
0.00020
0.00016
0.00010
0.00004
-0.00003
-0.00011
-0.00020
-0.00031
-0.00041
-0.00048
-0.00049
-0.00044
-0.00034
-0.00021
-0.00008
0.00003
0.00011
0.00017
0.00022
0.00025
0.00028
0.00029
0.00030
0.00029
0.00027
0.00025
0.00021
0.00016
0.00010
0.00003
-0.00005
-0.00014
-0.00021
-0.00025
-0.00024
-0.00018
-0.00009
-0.00000
0.00004
0.00003
-0.00005
-0.00015
-0.00022
-0.00021
-0.00011
0.00005
0.00021
0.00030
0.00028
0.00015
-0.00004
-0.00023
-0.00036
-0.00038
-0.00031
-0.00018
-0.00005
0.00005
0.00010
0.00012
0.00014
0.00019
0.00026
0.00032
0.00033
0.00028
0.00017
0.00003
-0.00008
-0.00012
-0.00008
0.00002
0.00011
0.00015
0.00011
-0.00002
-0.00019
-0.00036
-0.00045
-0.00044
-0.00033
-0.00015
0.00005
0.00022
0.00032
0.00035
0.00033
0.00028
0.00022
0.00012
-0.00002
-0.00021
-0.00040
-0.00054
-0.00054
-0.00037
-0.00007
0.00029
0.00054
0.00059
0.00039
0.00002
-0.00037
-0.00061
-0.00059
-0.00032
0.00008
0.00043
0.00059
0.00050
0.00022
-0.00009
-0.00030
-0.00031
-0.00014
0.00013
0.00038
0.00052
0.00049
0.00035
0.00014
-0.00006
-0.00023
-0.00034
-0.00042
-0.00047
-0.00049
-0.00046
-0.00037
-0.00023
-0.00008
0.00006
0.00017
0.00024
0.00031
0.00041
0.00051
0.00059
0.00056
0.00040
0.00009
-0.00030
-0.00065
-0.00086
-0.00087
-0.00066
-0.00032
0.00005
0.00035
0.00051
0.00052
0.00041
0.00024
0.00007
-0.00006
-0.00013
-0.00014
-0.00008
0.00003
0.00014
0.00024
0.00027
0.00021
0.00007
-0.00011
-0.00030
-0.00041
-0.00041
-0.00030
-0.00010
0.00013
0.00031
0.00040
0.00039
0.00028
0.00011
-0.00007
-0.00023
-0.00034
-0.00038
-0.00035
-0.00026
-0.00015
-0.00005
-0.00001
-0.00002
-0.00005
-0.00003
0.00006
0.00024
0.00044
0.00058
0.00061
0.00050
0.00030
0.00008
-0.00009
-0.00021
-0.00027
-0.00032
-0.00037
-0.00040
-0.00040
-0.00035
-0.00027
-0.00020
-0.00017
-0.00019
-0.00021
-0.00017
-0.00002
0.00024
0.00052
0.00074
0.00082
0.00070
0.00044
0.00012
-0.00017
-0.00035
-0.00038
-0.00026
-0.00007
0.00012
0.00024
0.00022
0.00006
-0.00021
-0.00048
-0.00066
-0.00065
-0.00044
-0.00011
0.00022
0.00041
0.00039
0.00018
-0.00010
-0.00030
-0.00032
-0.00014
0.00015
0.00043
0.00056
0.00049
0.00027
0.00002
-0.00014
-0.00015
-0.00002
0.00017
0.00029
0.00027
0.00010
-0.00016
-0.00039
-0.00054
-0.00057
-0.00050
-0.00038
-0.00025
-0.00010
0.00008
0.00028
0.00048
0.00059
0.00058
0.00043
0.00019
-0.00005
-0.00021
-0.00027
-0.00024
-0.00019
-0.00016
-0.00018
-0.00021
-0.00021
-0.00015
-0.00005
0.00008
0.00018
0.00023
0.00023
0.00022
0.00023
0.00027
0.00032
0.00034
0.00028
0.00012
-0.00011
-0.00033
-0.00045
-0.00043
-0.00024
0.00003
0.00028
0.00039
0.00030
0.00002
-0.00037
-0.00076
-0.00104
-0.00111
-0.00096
-0.00061
-0.00014
0.00034
0.00072
0.00090
0.00088
0.00068
0.00043
0.00024
0.00020
0.00033
0.00055
0.00072
0.00071
0.00045
-0.00003
-0.00056
-0.00095
-0.00106
-0.00084
-0.00040
0.00009
0.00043
0.00052
0.00037
0.00011
-0.00013
-0.00024
-0.00021
-0.00011
-0.00002
-0.00001
-0.00010
-0.00023
-0.00036
-0.00042
-0.00039
-0.00027
-0.00011
0.00004
0.00013
0.00012
0.00002
-0.00011
-0.00023
-0.00027
-0.00020
-0.00003
0.00022
0.00050
0.00074
0.00091
0.00098
0.00091
0.00069
0.00035
-0.00005
-0.00042
-0.00068
-0.00075
-0.00064
-0.00038
-0.00007
0.00021
0.00040
0.00046
0.00042
0.00031
0.00014
-0.00003
-0.00019
-0.00031
-0.00038
-0.00041
-0.00043
-0.00046
-0.00049
-0.00053
-0.00053
-0.00050
-0.00044
-0.00039
-0.00039
-0.00044
-0.00052
-0.00055
-0.00044
-0.00013
0.00036
0.00095
0.00149
0.00182
0.00185
0.00158
0.00113
0.00065
0.00028
0.00010
0.00010
0.00020
0.00030
0.00031
0.00021
0.00002
-0.00024
-0.00054
-0.00087
-0.00120
-0.00152
-0.00175
-0.00182
-0.00170
-0.00138
-0.00094
-0.00049
-0.00012
0.00013
0.00029
0.00043
0.00063
0.00091
0.00123
0.00147
0.00151
0.00128
0.00083
0.00028
-0.00020
-0.00045
-0.00040
-0.00009
0.00035
0.00075
0.00096
0.00088
0.00053
0.00002
-0.00052
-0.00095
-0.00115
-0.00111
-0.00087
-0.00051
-0.00017
0.00006
0.00009
-0.00009
-0.00040
-0.00071
-0.00086
-0.00073
-0.00031
0.00029
0.00090
0.00129
0.00136
0.00109
0.00060
0.00006
-0.00035
-0.00058
-0.00061
-0.00053
-0.00041
-0.00028
-0.00017
-0.00003
0.00011
0.00025
0.00032
0.00030
0.00018
0.00003
-0.00008
-0.00009
0.00002
0.00019
0.00034
0.00037
0.00027
0.00007
-0.00016
-0.00035
-0.00044
-0.00041
-0.00031
-0.00017
-0.00005
0.00001
0.00003
0.00003
0.00007
0.00018
0.00037
0.00057
0.00070
0.00067
0.00044
0.00004
-0.00043
-0.00084
-0.00109
-0.00110
-0.00089
-0.00054
-0.00016
0.00015
0.00029
0.00027
0.00013
-0.00001
-0.00007
0.00002
0.00025
0.00056
0.00085
0.00102
0.00100
0.00080
0.00047
0.00010
-0.00023
-0.00042
-0.00045
-0.00035
-0.00020
-0.00009
-0.00013
-0.00032
-0.00064
-0.00096
-0.00114
-0.00109
-0.00078
-0.00028
0.00027
0.00070
0.00091
0.00087
0.00066
0.00037
0.00013
-0.00000
-0.00004
-0.00004
-0.00004
-0.00005
-0.00005
0.00001
0.00015
0.00035
0.00053
0.00059
0.00048
0.00021
-0.00015
-0.00046
-0.00061
-0.00057
-0.00039
-0.00020
-0.00010
-0.00015
-0.00031
-0.00044
-0.00041
-0.00013
0.00037
0.00096
0.00144
0.00164
0.00148
0.00099
0.00029
-0.00047
-0.00116
-0.00167
-0.00196
-0.00200
-0.00182
-0.00144
-0.00092
-0.00036
0.00015
0.00052
0.00070
0.00067
0.00049
0.00025
0.00004
-0.00005
0.00004
0.00031
0.00071
0.00116
0.00156
0.00185
0.00198
0.00197
0.00182
0.00154
0.00109
0.00047
-0.00031
-0.00115
-0.00189
-0.00235
-0.00240
-0.00203
-0.00137
-0.00066
-0.00013
0.00009
-0.00002
-0.00035
-0.00073
-0.00101
-0.00111
-0.00103
-0.00084
-0.00061
-0.00037
-0.00012
0.00018
0.00054
0.00092
0.00122
0.00136
0.00131
0.00110
0.00084
0.00061
0.00047
0.00038
0.00025
0.00001
-0.00036
-0.00076
-0.00106
-0.00107
-0.00071
-0.00001
0.00086
0.00165
0.00211
0.00207
0.00156
0.00078
0.00001
-0.00046
-0.00050
-0.00017
0.00032
0.00069
0.00074
0.00045
-0.00007
-0.00058
-0.00091
-0.00098
-0.00086
-0.00072
-0.00073
-0.00095
-0.00136
-0.00181
-0.00215
-0.00229
-0.00220
-0.00193
-0.00156
-0.00113
-0.00068
-0.00020
0.00027
0.00068
0.00092
0.00089
0.00058
0.00008
-0.00040
-0.00064
-0.00046
0.00016
0.00110
0.00212
0.00296
0.00339
0.00332
0.00282
0.00206
0.00128
0.00072
0.00050
0.00066
0.00110
0.00166
0.00214
0.00241
0.00238
0.00206
0.00154
0.00092
0.00029
-0.00026
-0.00073
-0.00111
-0.00144
-0.00173
-0.00200
-0.00228
-0.00261
-0.00304
-0.00361
-0.00428
-0.00491
-0.00532
-0.00537
-0.00503
-0.00444
-0.00382
-0.00342
-0.00331
-0.00336
-0.00332
-0.00292
-0.00207
-0.00087
0.00044
0.00158
0.00238
0.00281
0.00299
0.00308
0.00323
0.00355
0.00410
0.00490
0.00593
0.00708
0.00819
0.00906
0.00956
0.00963
0.00936
0.00888
0.00833
0.00775
0.00709
0.00625
0.00514
0.00379
0.00234
0.00096
-0.00019
-0.00107
-0.00177
-0.00247
-0.00338
-0.00460
-0.00612
-0.00780
-0.00946
-0.01099
-0.01237
-0.01366
-0.01491
-0.01600
-0.01665
-0.01645
-0.01520
-0.01322
-0.01158
-0.01200
-0.01640
-0.02604
-0.04076
-0.05852
-0.07574
-0.08822
-0.09233
-0.08596
-0.06863
-0.04095
-0.00374
0.04233
0.09619
0.15499
0.21299
0.26155
0.29108
0.29433
0.26957
0.22183
0.16132
0.09930
0.04352
-0.00448
-0.04873
-0.09520
-0.14706
-0.20174
-0.25123
-0.28562
-0.29796
-0.28780
-0.26188
-0.23172
-0.20924
-0.20222
-0.21066
-0.22494
-0.22675
-0.19387
-0.10897
0.02946
0.19913
0.35504
0.44318
0.42369
0.29322
0.09382
-0.09899
-0.20543
-0.17420
-0.00259
0.26476
0.55513
0.79297
0.91924
0.90059
0.73176
0.43625
0.06585
-0.30597
-0.60107
-0.76172
-0.77275
-0.66809
-0.51555
-0.38623
-0.32410
-0.33110
-0.37415
-0.40815
-0.40113
-0.34848
-0.27049
-0.19709
-0.14927
-0.12711
-0.10948
-0.06459
0.03460
0.19709
0.40844
0.63451
0.83227
0.96252
1.00000
0.93791
0.78711
0.57169
0.32331
0.07541
-0.14215
-0.30803
-0.41305
-0.46118
-0.46695
-0.44968
-0.42664
-0.40791
-0.39497
-0.38310
-0.36588
-0.33926
-0.30323
-0.26079
-0.21538
-0.16840
-0.11835
-0.06182
0.00435
0.08075
0.16415
0.24782
0.32301
0.38115
0.41575
0.42356
0.40472
0.36223
0.30101
0.22704
0.14674
0.06635
-0.00850
-0.07340
-0.12565
-0.16456
-0.19132
-0.20833
-0.21820
-0.22276
-0.22249
-0.21659
-0.20374
-0.18296
-0.15442
-0.11959
-0.08081
-0.04063
-0.00113
0.03635
0.07112
0.10282
0.13098
0.15486
0.17341
0.18533
0.18934
0.18443
0.17014
0.14673
0.11532
0.07774
0.03637
-0.00615
-0.04710
-0.08385
-0.11400
-0.13567
-0.14790
-0.15093
-0.14624
-0.13622
-0.12341
-0.10970
-0.09573
-0.08095
-0.06407
-0.04396
-0.02032
0.00599
0.03318
0.05910
0.08192
0.10053
0.11460
0.12434
0.13006
0.13177
0.12897
0.12073
0.10599
0.08420
0.05588
0.02301
-0.01105
-0.04235
-0.06746
-0.08456
-0.09400
-0.09793
-0.09921
-0.09994
-0.10050
-0.09942
-0.09425
-0.08295
-0.06506
-0.04214
-0.01724
0.00626
0.02593
0.04097
0.05210
0.06084
0.06851
0.07556
0.08146
0.08510
0.08534
0.08146
0.07328
0.06100
0.04509
0.02622
0.00537
-0.01603
-0.03632
-0.05388
-0.06756
-0.07687
-0.08187
-0.08282
-0.07990
-0.07317
-0.06274
-0.04910
-0.03331
-0.01682
-0.00111
0.01275
0.02435
0.03383
0.04159
0.04793
0.05279
0.05584
0.05669
0.05523
0.05172
0.04682
0.04122
0.03531
0.02889
0.02126
0.01153
-0.00085
-0.01561
-0.03154
-0.04670
-0.05902
-0.06684
-0.06934
-0.06662
-0.05952
-0.04930
-0.03735
-0.02496
-0.01319
-0.00273
0.00618
0.01380
0.02068
0.02740
0.03419
0.04072
0.04616
0.04949
0.04995
0.04738
0.04226
0.03542
0.02769
0.01950
0.01088
0.00163
-0.00831
-0.01860
-0.02845
-0.03686
-0.04298
-0.04633
-0.04691
-0.04505
-0.04125
-0.03593
-0.02943
-0.02204
-0.01398
-0.00548
0.00324
0.01199
0.02054
0.02853
0.03545
0.04067
0.04356
0.04371
0.04106
0.03590
0.02883
0.02057
0.01186
0.00338
-0.00436
-0.01100
-0.01641
-0.02065
-0.02392
-0.02644
-0.02834
-0.02953
-0.02984
-0.02907
-0.02712
-0.02399
-0.01977
-0.01458
-0.00852
-0.00175
0.00537
0.01227
0.01826
0.02272
0.02534
0.02618
0.02569
0.02443
0.02281
0.02092
0.01853
0.01525
0.01082
0.00533
-0.00069
-0.00644
-0.01105
-0.01394
-0.01499
-0.01457
-0.01336
-0.01211
-0.01136
-0.01134
-0.01191
-0.01275
-0.01349
-0.01374
-0.01321
-0.01160
-0.00872
-0.00453
0.00075
0.00659
0.01219
0.01676
0.01970
0.02075
0.02002
0.01787
0.01476
0.01114
0.00737
0.00377
0.00054
-0.00216
-0.00432
-0.00598
-0.00723
-0.00813
-0.00870
-0.00892
-0.00885
-0.00857
-0.00820
-0.00781
-0.00739
-0.00678
-0.00581
-0.00434
-0.00237
-0.00003
0.00246
0.00486
0.00701
0.00879
0.01013
0.01096
0.01121
0.01082
0.00975
0.00802
0.00570
0.00290
-0.00027
-0.00365
-0.00705
-0.01016
-0.01258
-0.01387
-0.01369
-0.01191
-0.00879
-0.00488
-0.00091
0.00242
0.00469
0.00580
0.00597
0.00553
0.00480
0.00398
0.00313
0.00225
0.00143
0.00084
0.00072
0.00124
0.00239
0.00391
0.00531
0.00604
0.00568
0.00408
0.00147
-0.00166
-0.00468
-0.00705
-0.00839
-0.00859
-0.00771
-0.00600
-0.00376
-0.00138
0.00078
0.00242
0.00338
0.00368
0.00345
0.00285
0.00197
0.00082
-0.00064
-0.00235
-0.00408
-0.00545
-0.00602
-0.00552
-0.00395
-0.00157
0.00113
0.00369
0.00575
0.00706
0.00753
0.00708
0.00576
0.00376
0.00151
-0.00035
-0.00120
-0.00064
0.00121
0.00367
0.00577
0.00658
0.00559
0.00294
-0.00069
-0.00436
-0.00726
-0.00897
-0.00952
-0.00929
-0.00875
-0.00823
-0.00780
-0.00729
-0.00645
-0.00507
-0.00311
-0.00077
0.00164
0.00375
0.00530
0.00619
0.00651
0.00647
0.00637
0.00651
0.00701
0.00785
0.00875
0.00931
0.00909
0.00781
0.00549
0.00243
-0.00087
-0.00387
-0.00621
-0.00775
-0.00860
-0.00897
-0.00904
-0.00891
-0.00855
-0.00789
-0.00691
-0.00560
-0.00403
-0.00227
-0.00035
0.00167
0.00364
0.00533
0.00640
0.00662
0.00594
0.00464
0.00320
0.00215
0.00178
0.00204
0.00260
0.00300
0.00292
0.00229
0.00127
0.00014
-0.00089
-0.00173
-0.00235
-0.00279
-0.00301
-0.00297
-0.00267
-0.00218
-0.00166
-0.00130
-0.00118
-0.00125
-0.00134
-0.00124
-0.00086
-0.00027
0.00031
0.00062
0.00050
0.00002
-0.00055
-0.00084
-0.00055
0.00039
0.00182
0.00339
0.00468
0.00538
0.00530
0.00444
0.00294
0.00108
-0.00080
-0.00232
-0.00323
-0.00347
-0.00323
-0.00283
-0.00257
-0.00257
-0.00272
-0.00275
-0.00244
-0.00177
-0.00093
-0.00024
0.00004
-0.00012
-0.00054
-0.00086
-0.00076
-0.00006
0.00120
0.00278
0.00436
0.00562
0.00635
0.00646
0.00595
0.00490
0.00342
0.00162
-0.00037
-0.00240
-0.00427
-0.00578
-0.00673
-0.00703
-0.00670
-0.00590
-0.00488
-0.00387
-0.00301
-0.00226
-0.00142
-0.00027
0.00132
0.00323
0.00506
0.00633
0.00665
0.00588
0.00431
0.00246
0.00097
0.00030
0.00059
0.00164
0.00296
0.00398
0.00424
0.00353
0.00191
-0.00031
-0.00265
-0.00469
-0.00609
-0.00678
-0.00686
-0.00658
-0.00620
-0.00582
-0.00540
-0.00473
-0.00360
-0.00194
0.00013
0.00227
0.00408
0.00524
0.00567
0.00549
0.00498
0.00446
0.00412
0.00402
0.00408
0.00413
0.00399
0.00352
0.00266
0.00142
-0.00009
-0.00172
-0.00330
-0.00464
-0.00556
-0.00592
-0.00567
-0.00485
-0.00362
-0.00229
-0.00122
-0.00069
-0.00078
-0.00130
-0.00185
-0.00195
-0.00127
0.00020
0.00211
0.00393
0.00515
0.00553
0.00517
0.00442
0.00367
0.00310
0.00267
0.00214
0.00127
0.00003
-0.00140
-0.00268
-0.00353
-0.00384
-0.00370
-0.00336
-0.00308
-0.00299
-0.00307
-0.00322
-0.00330
-0.00318
-0.00280
-0.00207
-0.00096
0.00051
0.00221
0.00389
0.00522
0.00595
0.00596
0.00536
0.00440
0.00340
0.00254
0.00189
0.00132
0.00071
-0.00003
-0.00089
-0.00174
-0.00244
-0.00294
-0.00323
-0.00340
-0.00352
-0.00358
-0.00349
-0.00309
-0.00231
-0.00118
0.00006
0.00109
0.00159
0.00147
0.00085
0.00010
-0.00038
-0.00028
0.00048
0.00167
0.00290
0.00370
0.00378
0.00303
0.00163
-0.00007
-0.00168
-0.00285
-0.00341
-0.00338
-0.00291
-0.00224
-0.00158
-0.00105
-0.00070
-0.00045
-0.00021
0.00015
0.00070
0.00140
0.00215
0.00281
0.00323
0.00336
0.00324
0.00296
0.00258
0.00213
0.00156
0.00084
-0.00003
-0.00095
-0.00177
-0.00235
-0.00261
-0.00252
-0.00210
-0.00139
-0.00050
0.00041
0.00108
0.00120
0.00059
-0.00076
-0.00255
-0.00430
-0.00547
-0.00567
-0.00479
-0.00304
-0.00088
0.00113
0.00254
0.00315
0.00304
0.00252
0.00203
0.00190
0.00219
0.00267
0.00293
0.00254
0.00138
-0.00032
-0.00199
-0.00301
-0.00299
-0.00196
-0.00038
0.00111
0.00196
0.00196
0.00130
0.00041
-0.00028
-0.00054
-0.00041
-0.00008
0.00023
0.00044
0.00065
0.00104
0.00175
0.00278
0.00390
0.00480
0.00514
0.00476
0.00366
0.00206
0.00024
-0.00149
-0.00292
-0.00392
-0.00447
-0.00460
-0.00441
-0.00410
-0.00388
-0.00394
-0.00432
-0.00492
-0.00545
-0.00567
-0.00548
-0.00501
-0.00457
-0.00443
-0.00463
-0.00489
-0.00474
-0.00384
-0.00221
-0.00044
0.00054
-0.00014
-0.00259
-0.00571
-0.00725
-0.00469
0.00325
0.01491
0.02513
0.02689
0.01516
-0.00838
-0.03280
-0.04014
-0.01338
0.05293
0.14490
0.23016
0.26925
0.23343
0.12034
-0.04158
-0.20311
-0.31476
-0.34753
-0.30339
-0.21109
-0.11024
-0.03306
0.00721
0.01660
0.01177
0.00864
0.01490
0.02918
0.04526
0.05759
0.06433
0.06698
0.06795
0.06860
0.06910
0.06991
0.07314
0.08209
0.09904
0.12234
0.14519
0.15715
0.14819
0.11311
0.05427
-0.01881
-0.09263
-0.15409
-0.19445
-0.21118
-0.20782
-0.19193
-0.17209
-0.15498
-0.14298
-0.13332
-0.11906
-0.09210
-0.04741
0.01299
0.07865
0.13330
0.16128
0.15525
0.12094
0.07596
0.04220
0.03559
0.05858
0.09973
0.14036
0.16438
0.16532
0.14697
0.11811
0.08570
0.05112
0.01159
-0.03513
-0.08676
-0.13611
-0.17444
-0.19575
-0.19885
-0.18620
-0.16104
-0.12581
-0.08322
-0.03875
-0.00168
0.01778
0.01454
-0.00607
-0.02814
-0.03201
-0.00534
0.04798
0.10714
0.14343
0.13517
0.08031
-0.00033
-0.07160
-0.10002
-0.06926
0.01256
0.11691
0.20761
0.25590
0.25075
0.20065
0.12693
0.05271
-0.00696
-0.04955
-0.08252
-0.11592
-0.15439
-0.19320
-0.22034
-0.22347
-0.19748
-0.14844
-0.09140
-0.04352
-0.01625
-0.01078
-0.01895
-0.02828
-0.02833
-0.01468
0.01074
0.04244
0.07505
0.10572
0.13416
0.16081
0.18449
0.20115
0.20464
0.18939
0.15348
0.10061
0.03933
-0.02008
-0.06971
-0.10669
-0.13296
-0.15223
-0.16618
-0.17230
-0.16508
-0.13990
-0.09735
-0.04524
0.00327
0.03470
0.04116
0.02405
-0.00639
-0.03543
-0.05027
-0.04522
-0.02350
0.00534
0.03068
0.04624
0.05269
0.05622
0.06395
0.07886
0.09723
0.11024
0.10912
0.09082
0.06066
0.03015
0.01055
0.00611
0.01098
0.01223
-0.00230
-0.03589
-0.07952
-0.11570
-0.12769
-0.10911
-0.06817
-0.02416
0.00237
0.00007
-0.02744
-0.06357
-0.08735
-0.08379
-0.05090
-0.00007
0.05003
0.08249
0.08957
0.07504
0.05067
0.02943
0.01896
0.01896
0.02332
0.02533
0.02244
0.01760
0.01656
0.02290
0.03431
0.04270
0.03845
0.01640
-0.02006
-0.05919
-0.08592
-0.08877
-0.06553
-0.02446
0.01924
0.05004
0.05851
0.04466
0.01699
-0.01198
-0.03126
-0.03562
-0.02675
-0.01137
0.00256
0.00943
0.00790
0.00057
-0.00822
-0.01481
-0.01787
-0.01835
-0.01817
-0.01865
-0.01958
-0.01944
-0.01642
-0.00953
0.00080
0.01293
0.02452
0.03319
0.03704
0.03513
0.02782
0.01700
0.00574
-0.00265
-0.00579
-0.00321
0.00365
0.01215
0.01977
0.02502
0.02761
0.02798
0.02656
0.02338
0.01821
0.01086
0.00150
-0.00946
-0.02160
-0.03460
-0.04786
-0.06000
-0.06853
-0.07044
-0.06351
-0.04782
-0.02649
-0.00495
0.01119
0.01862
0.01772
0.01225
0.00726
0.00654
0.01088
0.01816
0.02492
0.02843
0.02813
0.02567
0.02371
0.02425
0.02747
0.03157
0.03376
0.03173
0.02496
0.01514
0.00546
-0.00087
-0.00224
0.00045
0.00407
0.00464
-0.00088
-0.01328
-0.03085
-0.05014
-0.06713
-0.07830
-0.08116
-0.07448
-0.05845
-0.03495
-0.00774
0.01801
0.03696
0.04541
0.04286
0.03242
0.01977
0.01098
0.01014
0.01788
0.03126
0.04504
0.05380
0.05405
0.04557
0.03156
0.01730
0.00786
0.00559
0.00856
0.01106
0.00611
-0.01092
-0.03931
-0.07245
-0.10009
-0.11260
-0.10505
-0.07924
-0.04280
-0.00588
0.02272
0.03837
0.04135
0.03573
0.02727
0.02135
0.02153
0.02893
0.04214
0.05749
0.06976
0.07339
0.06429
0.04176
0.00962
-0.02428
-0.05040
-0.06125
-0.05472
-0.03530
-0.01242
0.00363
0.00624
-0.00480
-0.02374
-0.04201
-0.05234
-0.05161
-0.04130
-0.02564
-0.00909
0.00544
0.01692
0.02540
0.03108
0.03408
0.03469
0.03372
0.03232
0.03121
0.02995
0.02697
0.02032
0.00903
-0.00594
-0.02173
-0.03453
-0.04105
-0.03972
-0.03113
-0.01758
-0.00216
0.01220
0.02337
0.03008
0.03179
0.02844
0.02041
0.00865
-0.00510
-0.01834
-0.02819
-0.03216
-0.02902
-0.01945
-0.00614
0.00688
0.01538
0.01640
0.00932
-0.00373
-0.01844
-0.02972
-0.03356
-0.02858
-0.01657
-0.00173
0.01122
0.01917
0.02186
0.02179
0.02250
0.02649
0.03365
0.04122
0.04517
0.04223
0.03144
0.01449
-0.00516
-0.02380
-0.03871
-0.04864
-0.05351
-0.05368
-0.04939
-0.04073
-0.02796
-0.01207
0.00491
0.02003
0.03013
0.03288
0.02785
0.01699
0.00436
-0.00508
-0.00720
-0.00042
0.01340
0.02931
0.04092
0.04275
0.03248
0.01205
-0.01280
-0.03464
-0.04710
-0.04720
-0.03631
-0.01933
-0.00259
0.00850
0.01128
0.00638
-0.00302
-0.01256
-0.01833
-0.01799
-0.01129
0.00015
0.01356
0.02591
0.03465
0.03828
0.03659
0.03052
0.02192
0.01289
0.00509
-0.00093
-0.00604
-0.01201
-0.02038
-0.03122
-0.04236
-0.04987
-0.04973
-0.04002
-0.02231
-0.00150
0.01613
0.02583
0.02652
0.02126
0.01548
0.01391
0.01804
0.02524
0.03032
0.02847
0.01813
0.00210
-0.01367
-0.02301
-0.02254
-0.01323
0.00018
0.01153
0.01603
0.01215
0.00177
-0.01107
-0.02219
-0.02876
-0.02997
-0.02664
-0.02035
-0.01260
-0.00436
0.00387
0.01177
0.01891
0.02454
0.02770
0.02753
0.02364
0.01644
0.00722
-0.00205
-0.00933
-0.01320
-0.01342
-0.01105
-0.00796
-0.00599
-0.00607
-0.00786
-0.00995
-0.01060
-0.00864
-0.00395
0.00245
0.00883
0.01335
0.01467
0.01231
0.00687
-0.00000
-0.00599
-0.00880
-0.00715
-0.00156
0.00551
0.01049
0.01028
0.00394
-0.00646
-0.01638
-0.02075
-0.01626
-0.00319
0.01437
0.03003
0.03764
0.03386
0.01969
0.00007
-0.01807
-0.02858
-0.02859
-0.01953
-0.00636
0.00466
0.00868
0.00424
-0.00628
-0.01782
-0.02499
-0.02441
-0.01616
-0.00376
0.00739
0.01245
0.00938
0.00001
-0.01058
-0.01627
-0.01268
0.00069
0.02007
0.03894
0.05075
0.05148
0.04099
0.02270
0.00199
-0.01574
-0.02656
-0.02883
-0.02326
-0.01251
-0.00054
0.00849
0.01147
0.00749
-0.00172
-0.01245
-0.02046
-0.02289
-0.01929
-0.01172
-0.00353
0.00211
0.00352
0.00091
-0.00406
-0.00909
-0.01208
-0.01180
-0.00809
-0.00190
0.00509
0.01094
0.01412
0.01401
0.01114
0.00698
0.00337
0.00190
0.00330
0.00719
0.01221
0.01636
0.01770
0.01503
0.00845
-0.00048
-0.00919
-0.01493
-0.01580
-0.01152
-0.00354
0.00542
0.01230
0.01471
0.01166
0.00381
-0.00669
-0.01690
-0.02392
-0.02581
-0.02228
-0.01476
-0.00583
0.00168
0.00581
0.00607
0.00346
-0.00018
-0.00295
-0.00359
-0.00175
0.00204
0.00667
0.01071
0.01274
0.01173
0.00748
0.00091
-0.00596
-0.01057
-0.01077
-0.00579
0.00332
0.01392
0.02266
0.02668
0.02458
0.01683
0.00553
-0.00632
-0.01579
-0.02096
-0.02135
-0.01797
-0.01273
-0.00759
-0.00379
-0.00142
0.00029
0.00225
0.00467
0.00675
0.00707
0.00454
-0.00068
-0.00693
-0.01168
-0.01283
-0.00987
-0.00416
0.00171
0.00538
0.00579
0.00361
0.00067
-0.00119
-0.00095
0.00128
0.00466
0.00814
0.01099
0.01278
0.01323
0.01217
0.00957
0.00585
0.00195
-0.00090
-0.00169
-0.00025
0.00255
0.00496
0.00505
0.00160
-0.00535
-0.01436
-0.02307
-0.02905
-0.03068
-0.02776
-0.02153
-0.01415
-0.00783
-0.00385
-0.00214
-0.00133
0.00045
0.00461
0.01132
0.01941
0.02695
0.03212
0.03399
0.03274
0.02927
0.02462
0.01942
0.01382
0.00774
0.00130
-0.00493
-0.01012
-0.01349
-0.01489
-0.01492
-0.01483
-0.01587
-0.01873
-0.02313
-0.02791
-0.03159
-0.03294
-0.03141
-0.02717
-0.02077
-0.01283
-0.00389
0.00555
0.01482
0.02306
0.02938
0.03316
0.03430
0.03321
0.03064
0.02735
0.02376
0.01990
0.01551
0.01026
0.00407
-0.00272
-0.00928
-0.01452
-0.01739
-0.01731
-0.01440
-0.00968
-0.00485
-0.00188
-0.00240
-0.00709
-0.01531
-0.02510
-0.03352
-0.03750
-0.03477
-0.02465
-0.00852
0.01037
0.02781
0.03983
0.04393
0.03985
0.02944
0.01597
0.00294
-0.00700
-0.01263
-0.01422
-0.01300
-0.01051
-0.00790
-0.00558
-0.00322
-0.00016
0.00406
0.00916
0.01406
0.01720
0.01715
0.01326
0.00598
-0.00328
-0.01252
-0.01970
-0.02315
-0.02195
-0.01617
-0.00705
0.00316
0.01164
0.01592
0.01478
0.00879
0.00022
-0.00782
-0.01257
-0.01270
-0.00869
-0.00250
0.00337
0.00695
0.00757
0.00594
0.00366
0.00234
0.00281
0.00476
0.00688
0.00751
0.00537
0.00019
-0.00704
-0.01425
-0.01893
-0.01908
-0.01411
-0.00522
0.00487
0.01298
0.01675
0.01567
0.01114
0.00577
0.00205
0.00132
0.00332
0.00653
0.00901
0.00922
0.00658
0.00158
-0.00449
-0.00997
-0.01340
-0.01404
-0.01217
-0.00901
-0.00626
-0.00532
-0.00667
-0.00958
-0.01245
-0.01359
-0.01202
-0.00787
-0.00220
0.00355
0.00830
0.01171
0.01412
0.01611
0.01799
0.01958
0.02030
0.01957
0.01717
0.01346
0.00923
0.00539
0.00256
0.00080
-0.00046
-0.00219
-0.00534
-0.01032
-0.01666
-0.02307
-0.02781
-0.02947
-0.02758
-0.02279
-0.01657
-0.01055
-0.00589
-0.00294
-0.00138
-0.00052
0.00039
0.00202
0.00490
0.00923
0.01479
0.02068
0.02550
0.02783
0.02690
0.02315
0.01813
0.01392
0.01200
0.01248
0.01394
0.01409
0.01101
0.00418
-0.00517
-0.01466
-0.02200
-0.02605
-0.02731
-0.02743
-0.02809
-0.02993
-0.03215
-0.03291
-0.03042
-0.02400
-0.01453
-0.00411
0.00495
0.01121
0.01470
0.01673
0.01905
0.02292
0.02842
0.03450
0.03942
0.04156
0.03990
0.03421
0.02496
0.01313
0.00011
-0.01238
-0.02253
-0.02885
-0.03069
-0.02858
-0.02420
-0.01974
-0.01704
-0.01682
-0.01843
-0.02023
-0.02040
-0.01779
-0.01238
-0.00515
0.00241
0.00903
0.01409
0.01767
0.02022
0.02210
0.02331
0.02349
0.02227
0.01961
0.01591
0.01189
0.00810
0.00459
0.00088
-0.00369
-0.00934
-0.01541
-0.02047
-0.02284
-0.02158
-0.01703
-0.01094
-0.00565
-0.00308
-0.00373
-0.00648
-0.00920
-0.00980
-0.00729
-0.00212
0.00410
0.00952
0.01287
0.01390
0.01330
0.01209
0.01112
0.01064
0.01041
0.00992
0.00878
0.00686
0.00432
0.00135
-0.00190
-0.00535
-0.00883
-0.01192
-0.01389
-0.01400
-0.01190
-0.00803
-0.00366
-0.00042
0.00044
-0.00113
-0.00382
-0.00542
-0.00392
0.00139
0.00936
0.01738
0.02245
0.02258
0.01765
0.00949
0.00102
-0.00500
-0.00710
-0.00562
-0.00252
-0.00045
-0.00158
-0.00646
-0.01344
-0.01907
-0.01956
-0.01299
-0.00122
0.00971
0.01146
-0.00255
-0.03278
-0.07132
-0.10340
-0.11290
-0.08936
-0.03345
0.04225
0.11747
0.17175
0.19175
0.17524
0.13062
0.07266
0.01692
-0.02504
-0.04799
-0.05306
-0.04588
-0.03406
-0.02462
-0.02216
-0.02787
-0.03957
-0.05273
-0.06242
-0.06534
-0.06143
-0.05409
-0.04878
-0.05024
-0.05962
-0.07281
-0.08132
-0.07558
-0.04943
-0.00380
0.05252
0.10561
0.14183
0.15350
0.14210
0.11739
0.09269
0.07850
0.07752
0.08350
0.08468
0.07004
0.03523
-0.01470
-0.06729
-0.10829
-0.12802
-0.12538
-0.10760
-0.08613
-0.07097
-0.06628
-0.06930
-0.07261
-0.06842
-0.05239
-0.02563
0.00609
0.03483
0.05367
0.05916
0.05236
0.03836
0.02446
0.01772
0.02235
0.03804
0.05971
0.07913
0.08802
0.08143
0.05981
0.02893
-0.00261
-0.02695
-0.03993
-0.04214
-0.03764
-0.03154
-0.02765
-0.02747
-0.03064
-0.03587
-0.04175
-0.04669
-0.04866
-0.04527
-0.03476
-0.01747
0.00326
0.02172
0.03207
0.03123
0.02072
0.00641
-0.00407
-0.00479
0.00581
0.02445
0.04488
0.06075
0.06819
0.06664
0.05808
0.04536
0.03079
0.01570
0.00077
-0.01334
-0.02578
-0.03598
-0.04417
-0.05171
-0.06055
-0.07206
-0.08577
-0.09877
-0.10620
-0.10294
-0.08571
-0.05486
-0.01487
0.02679
0.06204
0.08493
0.09361
0.09062
0.08158
0.07276
0.06872
0.07096
0.07780
0.08542
0.08939
0.08606
0.07346
0.05171
0.02290
-0.00937
-0.04086
-0.06767
-0.08727
-0.09918
-0.10497
-0.10763
-0.11030
-0.11484
-0.12078
-0.12501
-0.12254
-0.10824
-0.07897
-0.03551
0.01689
0.06949
0.11270
0.13920
0.14640
0.13701
0.11758
0.09560
0.07668
0.06302
0.05358
0.04567
0.03686
0.02616
0.01411
0.00205
-0.00886
-0.01817
-0.02617
-0.03352
-0.04090
-0.04881
-0.05748
-0.06680
-0.07619
-0.08456
-0.09030
-0.09157
-0.08656
-0.07386
-0.05294
-0.02468
0.00814
0.04076
0.06723
0.08211
0.08267
0.07049
0.05155
0.03422
0.02592
0.02988
0.04367
0.06020
0.07087
0.06927
0.05381
0.02805
-0.00117
-0.02659
-0.04324
-0.04980
-0.04845
-0.04356
-0.03989
-0.04101
-0.04816
-0.05988
-0.07248
-0.08107
-0.08114
-0.07010
-0.04812
-0.01817
0.01505
0.04659
0.07250
0.09043
0.09940
0.09915
0.08991
0.07264
0.04979
0.02566
0.00582
-0.00477
-0.00414
0.00514
0.01618
0.02035
0.01101
-0.01304
-0.04646
-0.07906
-0.10000
-0.10226
-0.08563
-0.05672
-0.02602
-0.00358
0.00487
-0.00017
-0.01282
-0.02445
-0.02725
-0.01712
0.00491
0.03305
0.05882
0.07421
0.07479
0.06177
0.04188
0.02482
0.01911
0.02805
0.04773
0.06831
0.07809
0.06878
0.03923
-0.00392
-0.04897
-0.08396
-0.10114
-0.09934
-0.08343
-0.06156
-0.04170
-0.02903
-0.02482
-0.02693
-0.03131
-0.03366
-0.03090
-0.02201
-0.00828
0.00718
0.02062
0.02918
0.03233
0.03227
0.03322
0.03936
0.05258
0.07100
0.08921
0.10023
0.09840
0.08172
0.05260
0.01674
-0.01925
-0.05010
-0.07307
-0.08770
-0.09468
-0.09469
-0.08800
-0.07493
-0.05658
-0.03532
-0.01451
0.00244
0.01316
0.01707
0.01541
0.01070
0.00571
0.00263
0.00266
0.00603
0.01248
0.02166
0.03322
0.04641
0.05959
0.06996
0.07412
0.06916
0.05410
0.03064
0.00296
-0.02364
-0.04456
-0.05731
-0.06206
-0.06084
-0.05628
-0.05021
-0.04316
-0.03451
-0.02347
-0.01000
0.00454
0.01755
0.02593
0.02725
0.02081
0.00823
-0.00677
-0.01934
-0.02505
-0.02135
-0.00850
0.01041
0.03050
0.04662
0.05503
0.05439
0.04593
0.03266
0.01807
0.00478
-0.00622
-0.01552
-0.02442
-0.03362
-0.04220
-0.04738
-0.04563
-0.03453
-0.01465
0.00962
0.03110
0.04241
0.03919
0.02220
-0.00259
-0.02636
-0.04093
-0.04194
-0.03025
-0.01103
0.00877
0.02329
0.02970
0.02853
0.02265
0.01553
0.00974
0.00614
0.00402
0.00190
-0.00148
-0.00635
-0.01175
-0.01602
-0.01759
-0.01574
-0.01092
-0.00444
0.00210
0.00743
0.01083
0.01207
0.01119
0.00839
0.00421
-0.00042
-0.00420
-0.00592
-0.00498
-0.00187
0.00195
0.00463
0.00483
0.00243
-0.00140
-0.00477
-0.00607
-0.00483
-0.00190
0.00110
0.00281
0.00289
0.00214
0.00181
0.00256
0.00390
0.00432
0.00228
-0.00268
-0.00936
-0.01525
-0.01776
-0.01547
-0.00902
-0.00087
0.00580
0.00856
0.00687
0.00233
-0.00206
-0.00337
-0.00028
0.00618
0.01295
0.01644
0.01443
0.00740
-0.00135
-0.00721
-0.00647
0.00157
0.01401
0.02541
0.03024
0.02531
0.01130
-0.00758
-0.02536
-0.03668
-0.03863
-0.03153
-0.01845
-0.00393
0.00740
0.01208
0.00856
-0.00236
-0.01752
-0.03199
-0.04023
-0.03779
-0.02312
0.00138
0.02961
0.05345
0.06558
0.06218
0.04452
0.01863
-0.00688
-0.02388
-0.02765
-0.01842
-0.00100
0.01709
0.02853
0.02877
0.01762
-0.00092
-0.02027
-0.03389
-0.03780
-0.03199
-0.02017
-0.00799
-0.00053
-0.00019
-0.00589
-0.01388
-0.01964
-0.01997
-0.01428
-0.00453
0.00588
0.01371
0.01717
0.01645
0.01342
0.01073
0.01067
0.01429
0.02080
0.02778
0.03199
0.03068
0.02287
0.00989
-0.00498
-0.01784
-0.02568
-0.02743
-0.02401
-0.01757
-0.01054
-0.00485
-0.00176
-0.00184
-0.00507
-0.01060
-0.01674
-0.02123
-0.02200
-0.01813
-0.01039
-0.00098
0.00747
0.01317
0.01595
0.01707
0.01826
0.02046
0.02313
0.02448
0.02255
0.01652
0.00734
-0.00254
-0.01037
-0.01438
-0.01451
-0.01204
-0.00857
-0.00497
-0.00109
0.00364
0.00916
0.01414
0.01614
0.01286
0.00346
-0.01051
-0.02537
-0.03663
-0.04068
-0.03617
-0.02448
-0.00911
0.00558
0.01583
0.01959
0.01696
0.00997
0.00177
-0.00435
-0.00600
-0.00236
0.00558
0.01532
0.02382
0.02856
0.02852
0.02451
0.01862
0.01317
0.00947
0.00725
0.00497
0.00085
-0.00595
-0.01476
-0.02358
-0.03004
-0.03246
-0.03057
-0.02547
-0.01913
-0.01351
-0.00987
-0.00836
-0.00810
-0.00758
-0.00535
-0.00077
0.00563
0.01220
0.01693
0.01842
0.01671
0.01336
0.01076
0.01074
0.01351
0.01733
0.01948
0.01772
0.01179
0.00366
-0.00330
-0.00607
-0.00355
0.00279
0.00957
0.01299
0.01040
0.00138
-0.01219
-0.02667
-0.03790
-0.04244
-0.03873
-0.02773
-0.01271
0.00178
0.01159
0.01456
0.01139
0.00524
0.00011
-0.00106
0.00226
0.00809
0.01321
0.01497
0.01271
0.00790
0.00323
0.00097
0.00179
0.00460
0.00738
0.00846
0.00732
0.00456
0.00117
-0.00226
-0.00591
-0.01025
-0.01526
-0.01983
-0.02191
-0.01941
-0.01142
0.00092
0.01446
0.02515
0.02955
0.02633
0.01677
0.00424
-0.00720
-0.01440
-0.01606
-0.01289
-0.00685
-0.00024
0.00511
0.00800
0.00787
0.00471
-0.00085
-0.00739
-0.01286
-0.01527
-0.01359
-0.00846
-0.00209
0.00266
0.00366
0.00063
-0.00465
-0.00918
-0.01012
-0.00614
0.00195
0.01152
0.01917
0.02205
0.01896
0.01083
0.00037
-0.00887
-0.01383
-0.01295
-0.00674
0.00259
0.01209
0.01915
0.02233
0.02142
0.01718
0.01074
0.00323
-0.00427
-0.01076
-0.01529
-0.01726
-0.01673
-0.01453
-0.01210
-0.01082
-0.01142
-0.01349
-0.01568
-0.01636
-0.01447
-0.01019
-0.00494
-0.00061
0.00144
0.00135
0.00077
0.00210
0.00714
0.01594
0.02649
0.03543
0.03953
0.03707
0.02850
0.01629
0.00384
-0.00569
-0.01044
-0.01033
-0.00687
-0.00258
-0.00006
-0.00117
-0.00634
-0.01448
-0.02334
-0.03036
-0.03352
-0.03209
-0.02675
-0.01923
-0.01164
-0.00563
-0.00190
-0.00002
0.00128
0.00359
0.00815
0.01533
0.02431
0.03322
0.03958
0.04114
0.03674
0.02688
0.01376
0.00070
-0.00897
-0.01308
-0.01150
-0.00617
-0.00043
0.00225
-0.00036
-0.00838
-0.01967
-0.03065
-0.03758
-0.03802
-0.03172
-0.02071
-0.00842
0.00163
0.00720
0.00805
0.00583
0.00315
0.00246
0.00499
0.01047
0.01735
0.02359
0.02738
0.02772
0.02459
0.01889
0.01214
0.00607
0.00214
0.00103
0.00222
0.00407
0.00430
0.00100
-0.00645
-0.01683
-0.02743
-0.03510
-0.03757
-0.03437
-0.02689
-0.01767
-0.00931
-0.00353
-0.00079
-0.00037
-0.00075
-0.00016
0.00295
0.00933
0.01839
0.02812
0.03559
0.03813
0.03459
0.02608
0.01559
0.00660
0.00146
0.00035
0.00155
0.00252
0.00135
-0.00242
-0.00805
-0.01428
-0.02022
-0.02553
-0.03012
-0.03358
-0.03501
-0.03332
-0.02790
-0.01913
-0.00834
0.00265
0.01227
0.01956
0.02422
0.02632
0.02601
0.02358
0.01962
0.01518
0.01161
0.01004
0.01069
0.01265
0.01414
0.01334
0.00929
0.00244
-0.00558
-0.01269
-0.01734
-0.01901
-0.01832
-0.01646
-0.01459
-0.01340
-0.01308
-0.01351
-0.01437
-0.01517
-0.01512
-0.01309
-0.00811
-0.00003
0.00992
0.01914
0.02458
0.02421
0.01826
0.00945
0.00195
-0.00063
0.00295
0.01087
0.01916
0.02369
0.02212
0.01488
0.00462
-0.00537
-0.01271
-0.01674
-0.01822
-0.01834
-0.01786
-0.01678
-0.01465
-0.01118
-0.00664
-0.00189
0.00188
0.00362
0.00275
-0.00062
-0.00558
-0.01051
-0.01345
-0.01266
-0.00742
0.00151
0.01192
0.02092
0.02606
0.02643
0.02299
0.01804
0.01390
0.01170
0.01082
0.00930
0.00510
-0.00259
-0.01270
-0.02254
-0.02895
-0.02974
-0.02458
-0.01522
-0.00470
0.00376
0.00800
0.00750
0.00343
-0.00202
-0.00665
-0.00908
-0.00914
-0.00761
-0.00549
-0.00326
-0.00053
0.00359
0.00966
0.01720
0.02445
0.02906
0.02921
0.02464
0.01687
0.00853
0.00198
-0.00190
-0.00402
-0.00645
-0.01104
-0.01814
-0.02616
-0.03224
-0.03361
-0.02899
-0.01930
-0.00727
0.00371
0.01093
0.01327
0.01138
0.00708
0.00255
-0.00048
-0.00112
0.00063
0.00415
0.00850
0.01278
0.01631
0.01864
0.01953
0.01881
0.01632
0.01195
0.00577
-0.00180
-0.00987
-0.01730
-0.02294
-0.02601
-0.02629
-0.02403
-0.01967
-0.01363
-0.00625
0.00200
0.01018
0.01688
0.02057
0.02024
0.01604
0.00938
0.00252
-0.00235
-0.00394
-0.00237
0.00098
0.00405
0.00500
0.00294
-0.00164
-0.00697
-0.01069
-0.01087
-0.00698
-0.00034
0.00626
0.00976
0.00818
0.00163
-0.00762
-0.01607
-0.02040
-0.01871
-0.01115
0.00019
0.01214
0.02139
0.02546
0.02331
0.01558
0.00441
-0.00714
-0.01592
-0.01964
-0.01764
-0.01105
-0.00243
0.00523
0.00967
0.01024
0.00812
0.00564
0.00507
0.00743
0.01188
0.01607
0.01719
0.01336
0.00456
-0.00731
-0.01914
-0.02785
-0.03141
-0.02934
-0.02266
-0.01343
-0.00410
0.00300
0.00627
0.00525
0.00097
-0.00424
-0.00744
-0.00627
-0.00009
0.00952
0.01928
0.02562
0.02640
0.02188
0.01462
0.00819
0.00533
0.00669
0.01055
0.01383
0.01365
0.00876
0.00002
-0.01006
-0.01853
-0.02325
-0.02366
-0.02079
-0.01668
-0.01348
-0.01255
-0.01401
-0.01671
-0.01872
-0.01810
-0.01383
-0.00639
0.00229
0.00949
0.01296
0.01205
0.00825
0.00459
0.00427
0.00897
0.01784
0.02776
0.03468
0.03557
0.02979
0.01927
0.00751
-0.00209
-0.00763
-0.00922
-0.00848
-0.00742
-0.00742
-0.00876
-0.01089
-0.01295
-0.01440
-0.01515
-0.01538
-0.01527
-0.01481
-0.01392
-0.01264
-0.01117
-0.00974
-0.00823
-0.00606
-0.00241
0.00321
0.01038
0.01765
0.02302
0.02481
0.02244
0.01670
0.00928
0.00200
-0.00388
-0.00779
-0.00961
-0.00934
-0.00705
-0.00301
0.00205
